1 2 3 4 5 6 7 8 9 10 11 12 13 14 15 16 17 18 19 20 21 22 23 24 25 26 27 28 29 30 31 32 33 34 35 36 37 38 39 40 41 42 43 44 45 46 47 48 49 50 51 52 53 54 55 56 57 58 59 60 61 62 63 64 65 
2 3 4 5 6 7 8 9 10 11 12 13 14 15 16 17 18 19 20 21 22 23 24 25 26 27 28 29 30 31 32 33 34 35 36 37 38 39 40 41 42 43 44 45 46 47 48 49 50 51 52 53 54 55 56 57 58 59 60 61 62 63 64 65 
3 4 5 6 7 8 9 10 11 12 13 14 15 16 17 18 19 20 21 22 23 24 25 26 27 28 29 30 31 32 33 34 35 36 37 38 39 40 41 42 43 44 45 46 47 48 49 50 51 52 53 54 55 56 57 58 59 60 61 62 63 64 65 
4 5 6 7 8 9 10 11 12 13 14 15 16 17 18 19 20 21 22 23 24 25 26 27 28 29 30 31 32 33 34 35 36 37 38 39 40 41 42 43 44 45 46 47 48 49 50 51 52 53 54 55 56 57 58 59 60 61 62 63 64 65 
5 6 7 8 9 10 11 12 13 14 15 16 17 18 19 20 21 22 23 24 25 26 27 28 29 30 31 32 33 34 35 36 37 38 39 40 41 42 43 44 45 46 47 48 49 50 51 52 53 54 55 56 57 58 59 60 61 62 63 64 65 
6 7 8 9 10 11 12 13 14 15 16 17 18 19 20 21 22 23 24 25 26 27 28 29 30 31 32 33 34 35 36 37 38 39 40 41 42 43 44 45 46 47 48 49 50 51 52 53 54 55 56 57 58 59 60 61 62 63 64 65 
7 8 9 10 11 12 13 14 15 16 17 18 19 20 21 22 23 24 25 26 27 28 29 30 31 32 33 34 35 36 37 38 39 40 41 42 43 44 45 46 47 48 49 50 51 52 53 54 55 56 57 58 59 60 61 62 63 64 65 
8 9 10 11 12 13 14 15 16 17 18 19 20 21 22 23 24 25 26 27 28 29 30 31 32 33 34 35 36 37 38 39 40 41 42 43 44 45 46 47 48 49 50 51 52 53 54 55 56 57 58 59 60 61 62 63 64 65 
9 10 11 12 13 14 15 16 17 18 19 20 21 22 23 24 25 26 27 28 29 30 31 32 33 34 35 36 37 38 39 40 41 42 43 44 45 46 47 48 49 50 51 52 53 54 55 56 57 58 59 60 61 62 63 64 65 
10 11 12 13 14 15 16 17 18 19 20 21 22 23 24 25 26 27 28 29 30 31 32 33 34 35 36 37 38 39 40 41 42 43 44 45 46 47 48 49 50 51 52 53 54 55 56 57 58 59 60 61 62 63 64 65 
11 12 13 14 15 16 17 18 19 20 21 22 23 24 25 26 27 28 29 30 31 32 33 34 35 36 37 38 39 40 41 42 43 44 45 46 47 48 49 50 51 52 53 54 55 56 57 58 59 60 61 62 63 64 65 
0 2 3 4 5 6 7 8 9 10 12 13 14 15 16 17 18 19 20 21 22 23 24 25 26 27 28 29 30 31 32 33 34 35 36 37 38 39 40 41 42 43 44 45 46 47 48 49 50 51 52 53 54 55 56 57 58 59 60 61 62 63 64 65 
0 3 4 5 6 7 8 9 10 13 14 15 16 17 18 19 20 21 22 23 24 25 26 27 28 29 30 31 32 33 34 35 36 37 38 39 40 41 42 43 44 45 46 47 48 49 50 51 52 53 54 55 56 57 58 59 60 61 62 63 64 65 
0 4 5 6 7 8 9 10 14 15 16 17 18 19 20 21 22 23 24 25 26 27 28 29 30 31 32 33 34 35 36 37 38 39 40 41 42 43 44 45 46 47 48 49 50 51 52 53 54 55 56 57 58 59 60 61 62 63 64 65 
0 5 6 7 8 9 10 15 16 17 18 19 20 21 22 23 24 25 26 27 28 29 30 31 32 33 34 35 36 37 38 39 40 41 42 43 44 45 46 47 48 49 50 51 52 53 54 55 56 57 58 59 60 61 62 63 64 65 
0 6 7 8 9 10 16 17 18 19 20 21 22 23 24 25 26 27 28 29 30 31 32 33 34 35 36 37 38 39 40 41 42 43 44 45 46 47 48 49 50 51 52 53 54 55 56 57 58 59 60 61 62 63 64 65 
0 7 8 9 10 17 18 19 20 21 22 23 24 25 26 27 28 29 30 31 32 33 34 35 36 37 38 39 40 41 42 43 44 45 46 47 48 49 50 51 52 53 54 55 56 57 58 59 60 61 62 63 64 65 
0 8 9 10 18 19 20 21 22 23 24 25 26 27 28 29 30 31 32 33 34 35 36 37 38 39 40 41 42 43 44 45 46 47 48 49 50 51 52 53 54 55 56 57 58 59 60 61 62 63 64 65 
0 9 10 19 20 21 22 23 24 25 26 27 28 29 30 31 32 33 34 35 36 37 38 39 40 41 42 43 44 45 46 47 48 49 50 51 52 53 54 55 56 57 58 59 60 61 62 63 64 65 
0 10 20 21 22 23 24 25 26 27 28 29 30 31 32 33 34 35 36 37 38 39 40 41 42 43 44 45 46 47 48 49 50 51 52 53 54 55 56 57 58 59 60 61 62 63 64 65 
0 21 22 23 24 25 26 27 28 29 30 31 32 33 34 35 36 37 38 39 40 41 42 43 44 45 46 47 48 49 50 51 52 53 54 55 56 57 58 59 60 61 62 63 64 65 
0 1 3 4 5 6 7 8 9 10 11 13 14 15 16 17 18 19 20 22 23 24 25 26 27 28 29 30 31 32 33 34 35 36 37 38 39 40 41 42 43 44 45 46 47 48 49 50 51 52 53 54 55 56 57 58 59 60 61 62 63 64 65 
0 1 4 5 6 7 8 9 10 11 14 15 16 17 18 19 20 23 24 25 26 27 28 29 30 31 32 33 34 35 36 37 38 39 40 41 42 43 44 45 46 47 48 49 50 51 52 53 54 55 56 57 58 59 60 61 62 63 64 65 
0 1 5 6 7 8 9 10 11 15 16 17 18 19 20 24 25 26 27 28 29 30 31 32 33 34 35 36 37 38 39 40 41 42 43 44 45 46 47 48 49 50 51 52 53 54 55 56 57 58 59 60 61 62 63 64 65 
0 1 6 7 8 9 10 11 16 17 18 19 20 25 26 27 28 29 30 31 32 33 34 35 36 37 38 39 40 41 42 43 44 45 46 47 48 49 50 51 52 53 54 55 56 57 58 59 60 61 62 63 64 65 
0 1 7 8 9 10 11 17 18 19 20 26 27 28 29 30 31 32 33 34 35 36 37 38 39 40 41 42 43 44 45 46 47 48 49 50 51 52 53 54 55 56 57 58 59 60 61 62 63 64 65 
0 1 8 9 10 11 18 19 20 27 28 29 30 31 32 33 34 35 36 37 38 39 40 41 42 43 44 45 46 47 48 49 50 51 52 53 54 55 56 57 58 59 60 61 62 63 64 65 
0 1 9 10 11 19 20 28 29 30 31 32 33 34 35 36 37 38 39 40 41 42 43 44 45 46 47 48 49 50 51 52 53 54 55 56 57 58 59 60 61 62 63 64 65 
0 1 10 11 20 29 30 31 32 33 34 35 36 37 38 39 40 41 42 43 44 45 46 47 48 49 50 51 52 53 54 55 56 57 58 59 60 61 62 63 64 65 
0 1 11 30 31 32 33 34 35 36 37 38 39 40 41 42 43 44 45 46 47 48 49 50 51 52 53 54 55 56 57 58 59 60 61 62 63 64 65 
0 1 2 4 5 6 7 8 9 10 11 12 14 15 16 17 18 19 20 21 23 24 25 26 27 28 29 31 32 33 34 35 36 37 38 39 40 41 42 43 44 45 46 47 48 49 50 51 52 53 54 55 56 57 58 59 60 61 62 63 64 65 
0 1 2 5 6 7 8 9 10 11 12 15 16 17 18 19 20 21 24 25 26 27 28 29 32 33 34 35 36 37 38 39 40 41 42 43 44 45 46 47 48 49 50 51 52 53 54 55 56 57 58 59 60 61 62 63 64 65 
0 1 2 6 7 8 9 10 11 12 16 17 18 19 20 21 25 26 27 28 29 33 34 35 36 37 38 39 40 41 42 43 44 45 46 47 48 49 50 51 52 53 54 55 56 57 58 59 60 61 62 63 64 65 
0 1 2 7 8 9 10 11 12 17 18 19 20 21 26 27 28 29 34 35 36 37 38 39 40 41 42 43 44 45 46 47 48 49 50 51 52 53 54 55 56 57 58 59 60 61 62 63 64 65 
0 1 2 8 9 10 11 12 18 19 20 21 27 28 29 35 36 37 38 39 40 41 42 43 44 45 46 47 48 49 50 51 52 53 54 55 56 57 58 59 60 61 62 63 64 65 
0 1 2 9 10 11 12 19 20 21 28 29 36 37 38 39 40 41 42 43 44 45 46 47 48 49 50 51 52 53 54 55 56 57 58 59 60 61 62 63 64 65 
0 1 2 10 11 12 20 21 29 37 38 39 40 41 42 43 44 45 46 47 48 49 50 51 52 53 54 55 56 57 58 59 60 61 62 63 64 65 
0 1 2 11 12 21 38 39 40 41 42 43 44 45 46 47 48 49 50 51 52 53 54 55 56 57 58 59 60 61 62 63 64 65 
0 1 2 3 5 6 7 8 9 10 11 12 13 15 16 17 18 19 20 21 22 24 25 26 27 28 29 30 32 33 34 35 36 37 39 40 41 42 43 44 45 46 47 48 49 50 51 52 53 54 55 56 57 58 59 60 61 62 63 64 65 
0 1 2 3 6 7 8 9 10 11 12 13 16 17 18 19 20 21 22 25 26 27 28 29 30 33 34 35 36 37 40 41 42 43 44 45 46 47 48 49 50 51 52 53 54 55 56 57 58 59 60 61 62 63 64 65 
0 1 2 3 7 8 9 10 11 12 13 17 18 19 20 21 22 26 27 28 29 30 34 35 36 37 41 42 43 44 45 46 47 48 49 50 51 52 53 54 55 56 57 58 59 60 61 62 63 64 65 
0 1 2 3 8 9 10 11 12 13 18 19 20 21 22 27 28 29 30 35 36 37 42 43 44 45 46 47 48 49 50 51 52 53 54 55 56 57 58 59 60 61 62 63 64 65 
0 1 2 3 9 10 11 12 13 19 20 21 22 28 29 30 36 37 43 44 45 46 47 48 49 50 51 52 53 54 55 56 57 58 59 60 61 62 63 64 65 
0 1 2 3 10 11 12 13 20 21 22 29 30 37 44 45 46 47 48 49 50 51 52 53 54 55 56 57 58 59 60 61 62 63 64 65 
0 1 2 3 11 12 13 21 22 30 45 46 47 48 49 50 51 52 53 54 55 56 57 58 59 60 61 62 63 64 65 
0 1 2 3 4 6 7 8 9 10 11 12 13 14 16 17 18 19 20 21 22 23 25 26 27 28 29 30 31 33 34 35 36 37 38 40 41 42 43 44 46 47 48 49 50 51 52 53 54 55 56 57 58 59 60 61 62 63 64 65 
0 1 2 3 4 7 8 9 10 11 12 13 14 17 18 19 20 21 22 23 26 27 28 29 30 31 34 35 36 37 38 41 42 43 44 47 48 49 50 51 52 53 54 55 56 57 58 59 60 61 62 63 64 65 
0 1 2 3 4 8 9 10 11 12 13 14 18 19 20 21 22 23 27 28 29 30 31 35 36 37 38 42 43 44 48 49 50 51 52 53 54 55 56 57 58 59 60 61 62 63 64 65 
0 1 2 3 4 9 10 11 12 13 14 19 20 21 22 23 28 29 30 31 36 37 38 43 44 49 50 51 52 53 54 55 56 57 58 59 60 61 62 63 64 65 
0 1 2 3 4 10 11 12 13 14 20 21 22 23 29 30 31 37 38 44 50 51 52 53 54 55 56 57 58 59 60 61 62 63 64 65 
0 1 2 3 4 11 12 13 14 21 22 23 30 31 38 51 52 53 54 55 56 57 58 59 60 61 62 63 64 65 
0 1 2 3 4 5 7 8 9 10 11 12 13 14 15 17 18 19 20 21 22 23 24 26 27 28 29 30 31 32 34 35 36 37 38 39 41 42 43 44 45 47 48 49 50 52 53 54 55 56 57 58 59 60 61 62 63 64 65 
0 1 2 3 4 5 8 9 10 11 12 13 14 15 18 19 20 21 22 23 24 27 28 29 30 31 32 35 36 37 38 39 42 43 44 45 48 49 50 53 54 55 56 57 58 59 60 61 62 63 64 65 
0 1 2 3 4 5 9 10 11 12 13 14 15 19 20 21 22 23 24 28 29 30 31 32 36 37 38 39 43 44 45 49 50 54 55 56 57 58 59 60 61 62 63 64 65 
0 1 2 3 4 5 10 11 12 13 14 15 20 21 22 23 24 29 30 31 32 37 38 39 44 45 50 55 56 57 58 59 60 61 62 63 64 65 
0 1 2 3 4 5 11 12 13 14 15 21 22 23 24 30 31 32 38 39 45 56 57 58 59 60 61 62 63 64 65 
0 1 2 3 4 5 6 8 9 10 11 12 13 14 15 16 18 19 20 21 22 23 24 25 27 28 29 30 31 32 33 35 36 37 38 39 40 42 43 44 45 46 48 49 50 51 53 54 55 57 58 59 60 61 62 63 64 65 
0 1 2 3 4 5 6 9 10 11 12 13 14 15 16 19 20 21 22 23 24 25 28 29 30 31 32 33 36 37 38 39 40 43 44 45 46 49 50 51 54 55 58 59 60 61 62 63 64 65 
0 1 2 3 4 5 6 10 11 12 13 14 15 16 20 21 22 23 24 25 29 30 31 32 33 37 38 39 40 44 45 46 50 51 55 59 60 61 62 63 64 65 
0 1 2 3 4 5 6 11 12 13 14 15 16 21 22 23 24 25 30 31 32 33 38 39 40 45 46 51 60 61 62 63 64 65 
0 1 2 3 4 5 6 7 9 10 11 12 13 14 15 16 17 19 20 21 22 23 24 25 26 28 29 30 31 32 33 34 36 37 38 39 40 41 43 44 45 46 47 49 50 51 52 54 55 56 58 59 61 62 63 64 65 
0 1 2 3 4 5 6 7 10 11 12 13 14 15 16 17 20 21 22 23 24 25 26 29 30 31 32 33 34 37 38 39 40 41 44 45 46 47 50 51 52 55 56 59 62 63 64 65 
0 1 2 3 4 5 6 7 11 12 13 14 15 16 17 21 22 23 24 25 26 30 31 32 33 34 38 39 40 41 45 46 47 51 52 56 63 64 65 
0 1 2 3 4 5 6 7 8 10 11 12 13 14 15 16 17 18 20 21 22 23 24 25 26 27 29 30 31 32 33 34 35 37 38 39 40 41 42 44 45 46 47 48 50 51 52 53 55 56 57 59 60 62 64 65 
0 1 2 3 4 5 6 7 8 11 12 13 14 15 16 17 18 21 22 23 24 25 26 27 30 31 32 33 34 35 38 39 40 41 42 45 46 47 48 51 52 53 56 57 60 65 
0 1 2 3 4 5 6 7 8 9 11 12 13 14 15 16 17 18 19 21 22 23 24 25 26 27 28 30 31 32 33 34 35 36 38 39 40 41 42 43 45 46 47 48 49 51 52 53 54 56 57 58 60 61 63 
