1 2 3 4 5 6 7 8 9 10 11 12 13 14 15 16 17 18 19 20 21 22 23 24 25 26 27 
2 3 4 5 6 7 8 9 10 11 12 13 14 15 16 17 18 19 20 21 22 23 24 25 26 27 
3 4 5 6 7 8 9 10 11 12 13 14 15 16 17 18 19 20 21 22 23 24 25 26 27 
4 5 6 7 8 9 10 11 12 13 14 15 16 17 18 19 20 21 22 23 24 25 26 27 
5 6 7 8 9 10 11 12 13 14 15 16 17 18 19 20 21 22 23 24 25 26 27 
6 7 8 9 10 11 12 13 14 15 16 17 18 19 20 21 22 23 24 25 26 27 
7 8 9 10 11 12 13 14 15 16 17 18 19 20 21 22 23 24 25 26 27 
0 2 3 4 5 6 8 9 10 11 12 13 14 15 16 17 18 19 20 21 22 23 24 25 26 27 
0 3 4 5 6 9 10 11 12 13 14 15 16 17 18 19 20 21 22 23 24 25 26 27 
0 4 5 6 10 11 12 13 14 15 16 17 18 19 20 21 22 23 24 25 26 27 
0 5 6 11 12 13 14 15 16 17 18 19 20 21 22 23 24 25 26 27 
0 6 12 13 14 15 16 17 18 19 20 21 22 23 24 25 26 27 
0 13 14 15 16 17 18 19 20 21 22 23 24 25 26 27 
0 1 3 4 5 6 7 9 10 11 12 14 15 16 17 18 19 20 21 22 23 24 25 26 27 
0 1 4 5 6 7 10 11 12 15 16 17 18 19 20 21 22 23 24 25 26 27 
0 1 5 6 7 11 12 16 17 18 19 20 21 22 23 24 25 26 27 
0 1 6 7 12 17 18 19 20 21 22 23 24 25 26 27 
0 1 7 18 19 20 21 22 23 24 25 26 27 
0 1 2 4 5 6 7 8 10 11 12 13 15 16 17 19 20 21 22 23 24 25 26 27 
0 1 2 5 6 7 8 11 12 13 16 17 20 21 22 23 24 25 26 27 
0 1 2 6 7 8 12 13 17 21 22 23 24 25 26 27 
0 1 2 7 8 13 22 23 24 25 26 27 
0 1 2 3 5 6 7 8 9 11 12 13 14 16 17 18 20 21 23 24 25 26 27 
0 1 2 3 6 7 8 9 12 13 14 17 18 21 24 25 26 27 
0 1 2 3 7 8 9 13 14 18 25 26 27 
0 1 2 3 4 6 7 8 9 10 12 13 14 15 17 18 19 21 22 24 26 27 
0 1 2 3 4 7 8 9 10 13 14 15 18 19 22 27 
0 1 2 3 4 5 7 8 9 10 11 13 14 15 16 18 19 20 22 23 25 
