1 2 3 4 5 6 7 8 9 10 11 12 13 14 15 16 17 18 19 20 21 22 23 24 25 26 27 28 29 30 31 32 33 34 35 36 37 38 39 40 41 42 43 44 
2 3 4 5 6 7 8 9 10 11 12 13 14 15 16 17 18 19 20 21 22 23 24 25 26 27 28 29 30 31 32 33 34 35 36 37 38 39 40 41 42 43 44 
3 4 5 6 7 8 9 10 11 12 13 14 15 16 17 18 19 20 21 22 23 24 25 26 27 28 29 30 31 32 33 34 35 36 37 38 39 40 41 42 43 44 
4 5 6 7 8 9 10 11 12 13 14 15 16 17 18 19 20 21 22 23 24 25 26 27 28 29 30 31 32 33 34 35 36 37 38 39 40 41 42 43 44 
5 6 7 8 9 10 11 12 13 14 15 16 17 18 19 20 21 22 23 24 25 26 27 28 29 30 31 32 33 34 35 36 37 38 39 40 41 42 43 44 
6 7 8 9 10 11 12 13 14 15 16 17 18 19 20 21 22 23 24 25 26 27 28 29 30 31 32 33 34 35 36 37 38 39 40 41 42 43 44 
7 8 9 10 11 12 13 14 15 16 17 18 19 20 21 22 23 24 25 26 27 28 29 30 31 32 33 34 35 36 37 38 39 40 41 42 43 44 
8 9 10 11 12 13 14 15 16 17 18 19 20 21 22 23 24 25 26 27 28 29 30 31 32 33 34 35 36 37 38 39 40 41 42 43 44 
9 10 11 12 13 14 15 16 17 18 19 20 21 22 23 24 25 26 27 28 29 30 31 32 33 34 35 36 37 38 39 40 41 42 43 44 
0 2 3 4 5 6 7 8 10 11 12 13 14 15 16 17 18 19 20 21 22 23 24 25 26 27 28 29 30 31 32 33 34 35 36 37 38 39 40 41 42 43 44 
0 3 4 5 6 7 8 11 12 13 14 15 16 17 18 19 20 21 22 23 24 25 26 27 28 29 30 31 32 33 34 35 36 37 38 39 40 41 42 43 44 
0 4 5 6 7 8 12 13 14 15 16 17 18 19 20 21 22 23 24 25 26 27 28 29 30 31 32 33 34 35 36 37 38 39 40 41 42 43 44 
0 5 6 7 8 13 14 15 16 17 18 19 20 21 22 23 24 25 26 27 28 29 30 31 32 33 34 35 36 37 38 39 40 41 42 43 44 
0 6 7 8 14 15 16 17 18 19 20 21 22 23 24 25 26 27 28 29 30 31 32 33 34 35 36 37 38 39 40 41 42 43 44 
0 7 8 15 16 17 18 19 20 21 22 23 24 25 26 27 28 29 30 31 32 33 34 35 36 37 38 39 40 41 42 43 44 
0 8 16 17 18 19 20 21 22 23 24 25 26 27 28 29 30 31 32 33 34 35 36 37 38 39 40 41 42 43 44 
0 17 18 19 20 21 22 23 24 25 26 27 28 29 30 31 32 33 34 35 36 37 38 39 40 41 42 43 44 
0 1 3 4 5 6 7 8 9 11 12 13 14 15 16 18 19 20 21 22 23 24 25 26 27 28 29 30 31 32 33 34 35 36 37 38 39 40 41 42 43 44 
0 1 4 5 6 7 8 9 12 13 14 15 16 19 20 21 22 23 24 25 26 27 28 29 30 31 32 33 34 35 36 37 38 39 40 41 42 43 44 
0 1 5 6 7 8 9 13 14 15 16 20 21 22 23 24 25 26 27 28 29 30 31 32 33 34 35 36 37 38 39 40 41 42 43 44 
0 1 6 7 8 9 14 15 16 21 22 23 24 25 26 27 28 29 30 31 32 33 34 35 36 37 38 39 40 41 42 43 44 
0 1 7 8 9 15 16 22 23 24 25 26 27 28 29 30 31 32 33 34 35 36 37 38 39 40 41 42 43 44 
0 1 8 9 16 23 24 25 26 27 28 29 30 31 32 33 34 35 36 37 38 39 40 41 42 43 44 
0 1 9 24 25 26 27 28 29 30 31 32 33 34 35 36 37 38 39 40 41 42 43 44 
0 1 2 4 5 6 7 8 9 10 12 13 14 15 16 17 19 20 21 22 23 25 26 27 28 29 30 31 32 33 34 35 36 37 38 39 40 41 42 43 44 
0 1 2 5 6 7 8 9 10 13 14 15 16 17 20 21 22 23 26 27 28 29 30 31 32 33 34 35 36 37 38 39 40 41 42 43 44 
0 1 2 6 7 8 9 10 14 15 16 17 21 22 23 27 28 29 30 31 32 33 34 35 36 37 38 39 40 41 42 43 44 
0 1 2 7 8 9 10 15 16 17 22 23 28 29 30 31 32 33 34 35 36 37 38 39 40 41 42 43 44 
0 1 2 8 9 10 16 17 23 29 30 31 32 33 34 35 36 37 38 39 40 41 42 43 44 
0 1 2 9 10 17 30 31 32 33 34 35 36 37 38 39 40 41 42 43 44 
0 1 2 3 5 6 7 8 9 10 11 13 14 15 16 17 18 20 21 22 23 24 26 27 28 29 31 32 33 34 35 36 37 38 39 40 41 42 43 44 
0 1 2 3 6 7 8 9 10 11 14 15 16 17 18 21 22 23 24 27 28 29 32 33 34 35 36 37 38 39 40 41 42 43 44 
0 1 2 3 7 8 9 10 11 15 16 17 18 22 23 24 28 29 33 34 35 36 37 38 39 40 41 42 43 44 
0 1 2 3 8 9 10 11 16 17 18 23 24 29 34 35 36 37 38 39 40 41 42 43 44 
0 1 2 3 9 10 11 17 18 24 35 36 37 38 39 40 41 42 43 44 
0 1 2 3 4 6 7 8 9 10 11 12 14 15 16 17 18 19 21 22 23 24 25 27 28 29 30 32 33 34 36 37 38 39 40 41 42 43 44 
0 1 2 3 4 7 8 9 10 11 12 15 16 17 18 19 22 23 24 25 28 29 30 33 34 37 38 39 40 41 42 43 44 
0 1 2 3 4 8 9 10 11 12 16 17 18 19 23 24 25 29 30 34 38 39 40 41 42 43 44 
0 1 2 3 4 9 10 11 12 17 18 19 24 25 30 39 40 41 42 43 44 
0 1 2 3 4 5 7 8 9 10 11 12 13 15 16 17 18 19 20 22 23 24 25 26 28 29 30 31 33 34 35 37 38 40 41 42 43 44 
0 1 2 3 4 5 8 9 10 11 12 13 16 17 18 19 20 23 24 25 26 29 30 31 34 35 38 41 42 43 44 
0 1 2 3 4 5 9 10 11 12 13 17 18 19 20 24 25 26 30 31 35 42 43 44 
0 1 2 3 4 5 6 8 9 10 11 12 13 14 16 17 18 19 20 21 23 24 25 26 27 29 30 31 32 34 35 36 38 39 41 43 44 
0 1 2 3 4 5 6 9 10 11 12 13 14 17 18 19 20 21 24 25 26 27 30 31 32 35 36 39 44 
0 1 2 3 4 5 6 7 9 10 11 12 13 14 15 17 18 19 20 21 22 24 25 26 27 28 30 31 32 33 35 36 37 39 40 42 
