1 2 3 4 5 6 7 8 9 10 11 12 13 14 15 16 17 18 19 20 21 22 
0 1 2 3 5 6 7 8 9 10 11 12 13 14 15 16 17 18 19 20 21 22 
1 2 5 6 7 8 9 10 11 12 13 14 15 16 17 18 19 20 21 22 
0 1 2 3 6 7 8 9 10 11 12 13 14 15 16 17 18 19 20 21 22 
2 3 6 7 8 9 10 11 12 13 14 15 16 17 18 19 20 21 22 
0 1 2 3 4 5 6 8 9 10 11 12 13 14 15 16 17 18 19 20 21 22 
0 1 2 3 5 8 9 10 11 12 13 14 15 16 17 18 19 20 21 22 
8 9 10 11 12 13 14 15 16 17 18 19 20 21 22 
2 3 6 7 9 10 11 12 13 14 15 16 17 18 19 20 21 22 
0 1 2 5 6 7 8 9 11 12 13 14 15 16 17 18 19 20 21 22 
11 12 13 14 15 16 17 18 19 20 21 22 
0 1 2 3 6 7 8 9 10 11 12 13 14 16 17 18 19 20 21 22 
2 3 6 7 8 9 10 11 12 14 16 17 18 19 20 21 22 
1 2 5 6 7 8 9 10 11 12 13 14 15 17 18 19 20 21 22 
0 1 2 3 5 8 9 10 11 12 13 14 15 16 18 19 20 21 22 
8 9 10 11 12 18 19 20 21 22 
10 11 18 19 20 21 22 
2 3 4 5 6 7 8 9 10 11 12 14 15 16 17 19 20 21 22 
12 13 15 18 20 21 22 
8 9 10 11 12 15 20 21 22 
8 9 10 11 12 18 19 22 
0 1 2 3 5 7 8 9 10 11 12 13 14 15 16 17 18 19 20 21 
8 9 10 11 12 13 14 15 16 17 18 19 20 
