1 2 3 4 5 6 7 8 9 10 11 12 13 14 15 16 17 18 19 20 21 22 23 24 25 26 27 28 29 30 31 32 33 
0 1 2 3 4 6 7 8 9 10 11 12 13 14 15 16 17 18 19 20 21 22 23 24 25 26 27 28 29 30 31 32 33 
2 3 4 6 7 8 9 10 11 12 13 14 15 16 17 18 19 20 21 22 23 24 25 26 27 28 29 30 31 32 33 
0 1 2 3 4 5 6 8 9 10 11 12 13 14 15 16 17 18 19 20 21 22 23 24 25 26 27 28 29 30 31 32 33 
1 2 4 5 6 8 9 10 11 12 13 14 15 16 17 18 19 20 21 22 23 24 25 26 27 28 29 30 31 32 33 
0 1 2 3 4 5 6 9 10 11 12 13 14 15 16 17 18 19 20 21 22 23 24 25 26 27 28 29 30 31 32 33 
0 1 2 3 4 9 10 11 12 13 14 15 16 17 18 19 20 21 22 23 24 25 26 27 28 29 30 31 32 33 
0 1 2 3 4 5 6 8 10 11 12 13 14 15 16 17 18 19 20 21 22 23 24 25 26 27 28 29 30 31 32 33 
1 2 5 6 10 11 12 13 14 15 16 17 18 19 20 21 22 23 24 25 26 27 28 29 30 31 32 33 
10 11 12 13 14 15 16 17 18 19 20 21 22 23 24 25 26 27 28 29 30 31 32 33 
2 3 4 6 7 8 9 11 12 13 14 15 16 17 18 19 20 21 22 23 24 25 26 27 28 29 30 31 32 33 
1 2 4 5 6 8 9 10 11 13 14 15 16 17 18 19 20 21 22 23 24 25 26 27 28 29 30 31 32 33 
1 2 5 6 10 11 14 15 16 17 18 19 20 21 22 23 24 25 26 27 28 29 30 31 32 33 
14 15 16 17 18 19 20 21 22 23 24 25 26 27 28 29 30 31 32 33 
2 3 4 5 6 7 8 9 10 11 12 13 14 15 16 17 19 20 21 22 23 24 25 26 27 28 29 30 31 32 33 
0 1 2 3 4 9 10 11 12 13 14 15 16 17 18 19 21 22 23 24 25 26 27 28 29 30 31 32 33 
15 16 17 18 21 22 23 24 25 26 27 28 29 30 31 32 33 
10 11 12 13 14 15 16 17 21 22 23 24 25 26 27 28 29 30 31 32 33 
1 2 4 5 6 7 8 9 10 11 12 13 14 15 16 17 18 19 20 21 22 24 25 26 27 28 29 30 31 32 33 
0 1 2 3 4 5 6 9 10 11 12 13 14 15 16 17 18 19 20 21 22 23 24 25 26 28 29 30 31 32 33 
1 2 5 6 10 11 12 13 14 15 16 17 18 19 20 21 22 23 24 26 28 29 30 31 32 33 
0 1 2 3 4 9 10 11 12 13 14 15 16 17 18 19 20 21 22 23 24 25 28 29 30 31 32 33 
0 1 2 3 4 5 6 7 8 10 11 12 13 14 15 16 17 18 19 20 21 22 23 24 25 26 27 29 30 31 32 33 
0 1 2 3 5 6 10 11 12 14 15 17 18 19 20 21 22 23 25 26 29 30 31 32 33 
1 2 5 6 10 11 12 13 14 15 16 17 18 19 20 21 22 25 26 29 30 31 32 33 
12 14 17 18 19 20 21 23 29 30 31 32 33 
10 11 12 13 14 15 16 17 18 19 20 21 29 30 31 32 33 
1 2 5 6 7 8 10 11 12 13 14 15 16 17 18 19 20 21 22 26 27 29 31 32 33 
5 6 7 8 10 11 12 13 14 15 16 17 20 26 27 31 32 33 
0 1 2 3 4 7 8 9 10 11 12 13 14 15 16 17 18 19 20 21 22 23 24 25 27 28 29 30 32 33 
7 8 10 11 12 13 14 15 16 17 18 19 20 21 27 32 33 
7 8 12 13 14 16 18 19 20 21 27 33 
1 2 5 6 9 10 11 12 13 14 15 16 17 18 19 20 21 22 25 26 28 29 30 31 32 
10 11 12 13 14 15 16 17 18 19 20 21 28 29 30 31 
