1 2 3 4 5 6 7 8 9 10 11 12 13 14 15 16 17 18 
0 2 3 4 5 6 7 8 9 10 11 12 13 14 15 16 17 18 
3 4 5 6 7 8 9 10 11 12 13 14 15 16 17 18 
0 1 2 3 4 6 7 8 9 10 11 12 13 14 15 16 17 18 
0 2 4 6 7 8 9 10 11 12 13 14 15 16 17 18 
1 2 3 4 7 8 9 10 11 12 13 14 15 16 17 18 
7 8 9 10 11 12 13 14 15 16 17 18 
3 4 5 6 8 9 10 11 12 13 14 15 16 17 18 
1 2 3 4 7 8 10 11 12 13 14 15 16 17 18 
10 11 12 13 14 15 16 17 18 
1 3 4 5 6 7 8 9 11 12 13 14 15 16 17 18 
0 1 2 4 6 7 8 9 10 12 13 14 15 16 17 18 
1 7 8 9 13 14 15 16 17 18 
1 7 14 15 16 17 18 
0 2 4 5 6 7 8 9 10 11 12 13 14 16 17 18 
1 2 3 4 5 7 8 9 10 11 12 13 14 15 16 18 
1 3 5 7 8 9 11 13 15 18 
5 7 8 9 10 11 12 13 14 18 
5 9 10 11 12 13 14 
