1 2 3 4 5 6 7 8 9 10 11 12 13 14 15 16 17 
0 2 3 4 5 6 7 8 9 10 11 12 13 14 15 16 17 
3 4 5 6 7 8 9 10 11 12 13 14 15 16 17 
0 2 4 5 6 7 8 9 10 11 12 13 14 15 16 17 
0 1 2 3 4 5 7 8 9 10 11 12 13 14 15 16 17 
0 2 3 4 7 8 9 10 11 12 13 14 15 16 17 
7 8 9 10 11 12 13 14 15 16 17 
3 4 5 6 8 9 10 11 12 13 14 15 16 17 
9 10 11 12 13 14 15 16 17 
1 3 4 5 6 7 8 10 11 12 13 14 15 16 17 
0 1 2 4 5 6 7 8 9 11 12 13 14 15 16 17 
0 1 2 3 4 7 8 9 10 11 13 14 15 16 17 
1 7 8 13 14 15 16 17 
0 1 2 7 9 14 15 16 17 
1 3 7 8 10 13 15 16 17 
1 5 6 7 8 12 13 14 17 
0 2 3 4 7 8 9 10 11 12 13 14 15 16 
7 8 9 10 11 12 13 14 15 
