1 2 3 4 5 6 7 8 9 10 11 12 13 14 15 16 17 18 19 20 21 22 23 24 25 
0 2 3 4 5 6 7 8 9 10 11 12 13 14 15 16 17 18 19 20 21 22 23 24 25 
3 4 5 6 7 8 9 10 11 12 13 14 15 16 17 18 19 20 21 22 23 24 25 
0 1 2 3 4 5 7 8 9 10 11 12 13 14 15 16 17 18 19 20 21 22 23 24 25 
0 2 3 4 7 8 9 10 11 12 13 14 15 16 17 18 19 20 21 22 23 24 25 
0 1 2 3 4 5 6 8 9 10 11 12 13 14 15 16 17 18 19 20 21 22 23 24 25 
0 2 4 5 6 8 9 10 11 12 13 14 15 16 17 18 19 20 21 22 23 24 25 
1 2 3 4 5 9 10 11 12 13 14 15 16 17 18 19 20 21 22 23 24 25 
9 10 11 12 13 14 15 16 17 18 19 20 21 22 23 24 25 
3 4 5 6 7 8 10 11 12 13 14 15 16 17 18 19 20 21 22 23 24 25 
0 1 2 3 4 5 9 10 12 13 14 15 16 17 18 19 20 21 22 23 24 25 
12 13 14 15 16 17 18 19 20 21 22 23 24 25 
1 3 4 5 6 7 8 9 10 11 13 14 15 16 17 18 19 20 21 22 23 24 25 
0 1 2 4 5 6 8 9 10 11 12 14 15 16 17 18 19 20 21 22 23 24 25 
0 1 2 3 4 7 8 9 10 11 12 13 14 16 17 18 19 20 21 22 23 24 25 
1 9 10 11 16 17 18 19 20 21 22 23 24 25 
0 1 2 9 12 17 18 19 20 21 22 23 24 25 
0 2 3 4 7 8 9 10 11 12 13 14 15 16 17 18 19 21 22 23 24 25 
1 2 3 4 5 6 9 10 11 12 13 14 15 16 17 18 19 20 22 23 24 25 
1 5 6 9 10 11 15 16 17 20 22 23 24 25 
9 10 11 12 13 14 15 16 17 18 22 23 24 25 
0 2 4 5 6 7 8 9 10 11 12 13 14 15 16 17 18 19 20 21 23 24 25 
1 2 3 4 5 7 9 10 11 12 13 14 15 16 17 18 19 20 21 22 23 25 
1 3 7 9 10 11 13 16 18 19 20 21 22 25 
7 9 10 11 12 13 14 15 16 17 18 19 20 21 25 
7 11 12 13 14 15 16 17 18 21 
