1 2 3 4 5 6 7 8 9 10 11 12 13 14 15 16 17 18 19 20 21 22 23 24 25 26 27 28 29 30 31 32 33 
0 2 3 4 5 6 7 8 9 10 11 12 13 14 15 16 17 18 19 20 21 22 23 24 25 26 27 28 29 30 31 32 33 
3 4 5 6 7 8 9 10 11 12 13 14 15 16 17 18 19 20 21 22 23 24 25 26 27 28 29 30 31 32 33 
0 2 4 5 6 7 8 9 10 11 12 13 14 15 16 17 18 19 20 21 22 23 24 25 26 27 28 29 30 31 32 33 
5 6 7 8 9 10 11 12 13 14 15 16 17 18 19 20 21 22 23 24 25 26 27 28 29 30 31 32 33 
0 2 4 6 7 8 9 10 11 12 13 14 15 16 17 18 19 20 21 22 23 24 25 26 27 28 29 30 31 32 33 
0 1 2 3 4 5 6 7 8 10 11 12 13 14 15 16 17 18 19 20 21 22 23 24 25 26 27 28 29 30 31 32 33 
0 2 3 4 5 6 7 10 11 12 13 14 15 16 17 18 19 20 21 22 23 24 25 26 27 28 29 30 31 32 33 
0 2 4 5 6 10 11 12 13 14 15 16 17 18 19 20 21 22 23 24 25 26 27 28 29 30 31 32 33 
10 11 12 13 14 15 16 17 18 19 20 21 22 23 24 25 26 27 28 29 30 31 32 33 
3 4 5 6 7 8 9 11 12 13 14 15 16 17 18 19 20 21 22 23 24 25 26 27 28 29 30 31 32 33 
5 6 7 8 9 12 13 14 15 16 17 18 19 20 21 22 23 24 25 26 27 28 29 30 31 32 33 
13 14 15 16 17 18 19 20 21 22 23 24 25 26 27 28 29 30 31 32 33 
1 3 4 5 6 7 8 9 10 11 12 14 15 16 17 18 19 20 21 22 23 24 25 26 27 28 29 30 31 32 33 
0 1 2 4 5 6 7 8 9 10 11 12 13 15 16 17 18 19 20 21 22 23 24 25 26 27 28 29 30 31 32 33 
1 5 6 7 8 9 10 11 12 16 17 18 19 20 21 22 23 24 25 26 27 28 29 30 31 32 33 
0 1 2 4 6 7 8 9 10 11 12 13 15 17 18 19 20 21 22 23 24 25 26 27 28 29 30 31 32 33 
0 1 2 3 4 5 6 7 10 11 12 13 14 15 16 17 18 20 21 22 23 24 25 26 27 28 29 30 31 32 33 
0 1 2 4 5 6 10 11 12 13 15 16 17 20 21 22 23 24 25 26 27 28 29 30 31 32 33 
1 10 11 12 20 21 22 23 24 25 26 27 28 29 30 31 32 33 
1 5 6 7 8 9 10 12 16 17 18 19 21 22 23 24 25 26 27 28 29 30 31 32 33 
1 10 22 23 24 25 26 27 28 29 30 31 32 33 
1 3 5 6 7 8 9 10 11 12 14 16 17 18 19 20 21 23 24 25 26 27 28 29 30 31 32 33 
0 1 2 3 4 6 7 8 9 10 11 12 13 14 15 17 18 19 20 21 22 24 25 26 27 28 29 30 31 32 33 
0 1 2 3 4 5 6 10 11 12 13 14 15 16 17 20 21 22 23 24 26 27 28 29 30 31 32 33 
1 3 10 11 12 14 20 21 26 27 28 29 30 31 32 33 
0 1 2 3 4 10 11 13 14 15 20 22 27 28 29 30 31 32 33 
1 3 5 10 11 12 14 16 20 21 23 26 28 29 30 31 32 33 
1 3 7 8 9 10 11 12 14 18 19 20 21 25 26 27 30 32 33 
0 1 2 4 5 6 10 11 12 13 15 16 17 20 21 22 23 24 25 26 27 28 29 31 33 
1 10 11 12 20 21 22 23 24 25 26 27 28 33 
0 2 3 4 5 6 7 10 11 12 13 14 15 16 17 18 19 20 21 22 23 24 25 26 27 28 29 30 31 32 
0 2 4 5 6 10 11 12 13 14 15 16 17 18 19 20 21 22 23 24 25 26 27 28 29 30 31 
10 11 12 13 14 15 16 17 18 19 20 21 22 23 24 25 26 27 28 29 30 
