1 2 3 4 5 6 7 8 9 10 11 12 13 14 15 16 17 18 19 20 21 22 23 24 25 26 
0 2 3 4 5 6 7 8 9 10 11 12 13 14 15 16 17 18 19 20 21 22 23 24 25 26 
1 3 4 5 6 7 8 9 10 11 12 13 14 15 16 17 18 19 20 21 22 23 24 25 26 
2 4 5 6 7 8 9 10 11 12 13 14 15 16 17 18 19 20 21 22 23 24 25 26 
0 2 3 5 6 7 8 9 10 11 12 13 14 15 16 17 18 19 20 21 22 23 24 25 26 
4 6 7 8 9 10 11 12 13 14 15 16 17 18 19 20 21 22 23 24 25 26 
2 5 7 8 9 10 11 12 13 14 15 16 17 18 19 20 21 22 23 24 25 26 
8 9 10 11 12 13 14 15 16 17 18 19 20 21 22 23 24 25 26 
0 1 3 4 5 6 7 9 10 11 12 13 14 15 16 17 18 19 20 21 22 23 24 25 26 
0 2 4 5 6 7 8 10 11 12 13 14 15 16 17 18 19 20 21 22 23 24 25 26 
0 4 6 7 11 12 13 14 15 16 17 18 19 20 21 22 23 24 25 26 
0 2 5 7 8 10 12 13 14 15 16 17 18 19 20 21 22 23 24 25 26 
0 13 14 15 16 17 18 19 20 21 22 23 24 25 26 
1 2 4 5 6 7 8 9 10 11 12 14 15 16 17 18 19 20 21 22 23 24 25 26 
0 1 2 3 5 6 7 8 9 10 11 12 13 15 16 17 18 19 20 21 22 23 24 25 26 
1 4 6 7 8 9 10 11 12 14 16 17 18 19 20 21 22 23 24 25 26 
1 2 5 7 8 9 10 11 12 15 17 18 19 20 21 22 23 24 25 26 
1 8 9 10 11 12 18 19 20 21 22 23 24 25 26 
0 2 4 6 7 8 11 12 13 14 15 16 17 19 20 21 22 23 24 25 26 
0 2 8 13 14 15 16 17 20 21 22 23 24 25 26 
0 1 3 4 6 7 9 11 12 13 14 16 17 18 19 21 22 23 24 25 26 
0 1 2 3 5 7 8 9 10 12 13 15 17 18 19 20 22 23 24 25 26 
0 1 3 9 13 18 19 23 24 25 26 
1 2 4 5 7 8 9 10 11 12 14 15 17 18 19 20 21 22 24 25 26 
1 4 8 9 10 11 12 14 18 19 20 21 22 25 26 
0 1 2 3 5 8 9 10 13 15 18 20 23 24 26 
0 1 3 4 6 9 11 13 14 16 18 19 21 23 25 
