1 2 3 4 5 6 7 8 9 10 11 12 13 14 15 16 17 18 19 20 21 22 23 24 25 26 27 28 29 30 31 32 33 34 35 36 37 38 39 40 41 42 43 44 45 46 47 
0 2 3 4 5 6 7 8 9 10 11 12 13 14 15 16 17 18 19 20 21 22 23 24 25 26 27 28 29 30 31 32 33 34 35 36 37 38 39 40 41 42 43 44 45 46 47 
1 3 4 5 6 7 8 9 10 11 12 13 14 15 16 17 18 19 20 21 22 23 24 25 26 27 28 29 30 31 32 33 34 35 36 37 38 39 40 41 42 43 44 45 46 47 
2 4 5 6 7 8 9 10 11 12 13 14 15 16 17 18 19 20 21 22 23 24 25 26 27 28 29 30 31 32 33 34 35 36 37 38 39 40 41 42 43 44 45 46 47 
1 3 5 6 7 8 9 10 11 12 13 14 15 16 17 18 19 20 21 22 23 24 25 26 27 28 29 30 31 32 33 34 35 36 37 38 39 40 41 42 43 44 45 46 47 
0 2 3 4 6 7 8 9 10 11 12 13 14 15 16 17 18 19 20 21 22 23 24 25 26 27 28 29 30 31 32 33 34 35 36 37 38 39 40 41 42 43 44 45 46 47 
4 5 7 8 9 10 11 12 13 14 15 16 17 18 19 20 21 22 23 24 25 26 27 28 29 30 31 32 33 34 35 36 37 38 39 40 41 42 43 44 45 46 47 
2 4 6 8 9 10 11 12 13 14 15 16 17 18 19 20 21 22 23 24 25 26 27 28 29 30 31 32 33 34 35 36 37 38 39 40 41 42 43 44 45 46 47 
5 7 9 10 11 12 13 14 15 16 17 18 19 20 21 22 23 24 25 26 27 28 29 30 31 32 33 34 35 36 37 38 39 40 41 42 43 44 45 46 47 
4 8 10 11 12 13 14 15 16 17 18 19 20 21 22 23 24 25 26 27 28 29 30 31 32 33 34 35 36 37 38 39 40 41 42 43 44 45 46 47 
11 12 13 14 15 16 17 18 19 20 21 22 23 24 25 26 27 28 29 30 31 32 33 34 35 36 37 38 39 40 41 42 43 44 45 46 47 
0 1 3 4 5 6 7 8 9 10 12 13 14 15 16 17 18 19 20 21 22 23 24 25 26 27 28 29 30 31 32 33 34 35 36 37 38 39 40 41 42 43 44 45 46 47 
0 2 4 5 6 7 8 9 10 11 13 14 15 16 17 18 19 20 21 22 23 24 25 26 27 28 29 30 31 32 33 34 35 36 37 38 39 40 41 42 43 44 45 46 47 
0 1 3 5 6 7 8 9 10 12 14 15 16 17 18 19 20 21 22 23 24 25 26 27 28 29 30 31 32 33 34 35 36 37 38 39 40 41 42 43 44 45 46 47 
0 4 5 7 8 9 10 13 15 16 17 18 19 20 21 22 23 24 25 26 27 28 29 30 31 32 33 34 35 36 37 38 39 40 41 42 43 44 45 46 47 
0 2 4 6 8 9 10 11 13 14 16 17 18 19 20 21 22 23 24 25 26 27 28 29 30 31 32 33 34 35 36 37 38 39 40 41 42 43 44 45 46 47 
0 5 7 9 10 15 17 18 19 20 21 22 23 24 25 26 27 28 29 30 31 32 33 34 35 36 37 38 39 40 41 42 43 44 45 46 47 
0 4 8 10 13 16 18 19 20 21 22 23 24 25 26 27 28 29 30 31 32 33 34 35 36 37 38 39 40 41 42 43 44 45 46 47 
0 19 20 21 22 23 24 25 26 27 28 29 30 31 32 33 34 35 36 37 38 39 40 41 42 43 44 45 46 47 
1 2 4 5 6 7 8 9 10 11 12 13 14 15 16 17 18 20 21 22 23 24 25 26 27 28 29 30 31 32 33 34 35 36 37 38 39 40 41 42 43 44 45 46 47 
0 1 2 3 4 6 7 8 9 10 11 12 13 14 15 16 17 18 19 21 22 23 24 25 26 27 28 29 30 31 32 33 34 35 36 37 38 39 40 41 42 43 44 45 46 47 
1 4 5 7 8 9 10 11 12 13 14 15 16 17 18 20 22 23 24 25 26 27 28 29 30 31 32 33 34 35 36 37 38 39 40 41 42 43 44 45 46 47 
1 2 4 6 8 9 10 11 12 13 14 15 16 17 18 21 23 24 25 26 27 28 29 30 31 32 33 34 35 36 37 38 39 40 41 42 43 44 45 46 47 
1 5 7 9 10 11 12 13 14 15 16 17 18 20 22 24 25 26 27 28 29 30 31 32 33 34 35 36 37 38 39 40 41 42 43 44 45 46 47 
1 4 8 10 11 12 13 14 15 16 17 18 23 25 26 27 28 29 30 31 32 33 34 35 36 37 38 39 40 41 42 43 44 45 46 47 
1 11 12 13 14 15 16 17 18 26 27 28 29 30 31 32 33 34 35 36 37 38 39 40 41 42 43 44 45 46 47 
0 1 2 3 5 6 7 8 9 10 11 12 14 15 16 17 18 19 20 21 22 23 24 25 27 28 29 30 31 32 33 34 35 36 37 38 39 40 41 42 43 44 45 46 47 
0 2 4 5 7 8 9 10 11 13 15 16 17 18 19 20 21 22 23 24 25 26 28 29 30 31 32 33 34 35 36 37 38 39 40 41 42 43 44 45 46 47 
0 2 5 7 9 10 11 15 17 18 19 20 21 22 23 24 25 29 30 31 32 33 34 35 36 37 38 39 40 41 42 43 44 45 46 47 
0 2 4 8 10 11 13 16 18 19 20 21 22 23 24 25 26 28 30 31 32 33 34 35 36 37 38 39 40 41 42 43 44 45 46 47 
0 2 11 19 20 21 22 23 24 25 31 32 33 34 35 36 37 38 39 40 41 42 43 44 45 46 47 
0 1 3 4 5 7 8 9 10 12 13 15 16 17 18 19 20 22 23 24 25 26 27 28 29 30 32 33 34 35 36 37 38 39 40 41 42 43 44 45 46 47 
0 1 2 3 4 6 8 9 10 11 12 13 14 16 17 18 19 21 23 24 25 26 27 28 29 30 31 33 34 35 36 37 38 39 40 41 42 43 44 45 46 47 
0 1 3 5 7 9 10 12 15 17 18 19 20 22 24 25 26 27 28 29 30 32 34 35 36 37 38 39 40 41 42 43 44 45 46 47 
0 1 3 4 8 10 12 13 16 18 19 23 25 26 27 28 29 30 33 35 36 37 38 39 40 41 42 43 44 45 46 47 
0 1 3 12 19 26 27 28 29 30 36 37 38 39 40 41 42 43 44 45 46 47 
0 2 4 5 7 9 10 11 13 15 17 18 19 20 21 22 23 24 25 26 29 30 31 32 33 34 35 37 38 39 40 41 42 43 44 45 46 47 
0 2 4 11 13 19 20 21 22 23 24 25 26 31 32 33 34 35 38 39 40 41 42 43 44 45 46 47 
1 2 4 5 6 8 9 10 11 12 13 14 15 16 17 18 20 21 23 24 25 26 27 28 29 30 31 32 33 34 35 36 37 39 40 41 42 43 44 45 46 47 
1 4 5 8 10 11 12 13 14 15 16 17 18 20 23 25 26 27 28 29 30 31 32 33 34 35 36 37 40 41 42 43 44 45 46 47 
1 5 11 12 13 14 15 16 17 18 20 26 27 28 29 30 31 32 33 34 35 36 37 41 42 43 44 45 46 47 
0 1 2 3 5 6 7 9 10 11 12 14 15 17 18 19 20 21 22 24 25 27 29 30 31 32 34 35 36 37 38 39 40 42 43 44 45 46 47 
0 1 2 3 4 6 8 10 11 12 13 14 16 18 19 21 23 25 26 27 28 30 31 33 35 36 37 38 39 40 41 43 44 45 46 47 
0 1 2 3 6 11 12 14 19 21 27 31 36 37 38 39 40 44 45 46 47 
0 1 3 4 5 7 8 10 12 13 15 16 18 19 20 22 23 25 26 27 28 29 30 32 33 35 36 37 38 40 41 42 43 45 46 47 
0 1 3 5 7 12 15 19 20 22 26 27 28 29 30 32 36 37 38 41 42 43 46 47 
0 1 2 3 4 6 8 11 12 13 14 16 19 21 23 26 27 28 31 33 36 38 39 40 41 44 45 47 
0 1 2 3 5 6 7 9 11 12 14 15 17 19 20 21 22 24 27 29 31 32 34 36 37 38 39 42 44 46 
