1 2 3 4 5 6 7 8 9 10 11 12 13 14 15 16 17 18 19 20 21 
0 2 3 4 5 6 7 8 9 10 11 12 13 14 15 16 17 18 19 20 21 
1 3 4 5 6 7 8 9 10 11 12 13 14 15 16 17 18 19 20 21 
2 4 5 6 7 8 9 10 11 12 13 14 15 16 17 18 19 20 21 
1 3 5 6 7 8 9 10 11 12 13 14 15 16 17 18 19 20 21 
4 6 7 8 9 10 11 12 13 14 15 16 17 18 19 20 21 
7 8 9 10 11 12 13 14 15 16 17 18 19 20 21 
0 1 3 4 5 6 8 9 10 11 12 13 14 15 16 17 18 19 20 21 
0 2 4 5 6 7 9 10 11 12 13 14 15 16 17 18 19 20 21 
0 1 3 5 6 8 10 11 12 13 14 15 16 17 18 19 20 21 
0 4 6 9 11 12 13 14 15 16 17 18 19 20 21 
0 12 13 14 15 16 17 18 19 20 21 
1 2 4 5 6 7 8 9 10 11 13 14 15 16 17 18 19 20 21 
1 4 6 7 8 9 10 11 14 15 16 17 18 19 20 21 
1 7 8 9 10 11 15 16 17 18 19 20 21 
0 1 2 3 5 6 7 8 10 11 12 13 14 16 17 18 19 20 21 
0 2 4 6 7 9 11 12 13 14 15 17 18 19 20 21 
0 2 7 12 13 14 18 19 20 21 
0 1 3 4 6 8 9 11 12 14 15 16 17 19 20 21 
0 1 3 8 12 15 16 17 20 21 
0 2 4 7 9 12 13 14 15 18 19 21 
0 1 2 3 5 7 8 10 12 13 16 18 20 
