1 2 3 4 5 6 7 8 9 10 11 12 13 14 15 16 17 18 19 20 21 22 23 24 25 26 27 28 29 30 31 32 33 34 35 36 37 38 39 40 41 42 43 44 45 46 47 48 49 50 51 52 53 54 55 56 57 58 59 60 61 62 63 64 65 66 67 68 69 70 71 72 73 74 
0 2 3 4 5 6 7 8 9 10 11 12 13 14 15 16 17 18 19 20 21 22 23 24 25 26 27 28 29 30 31 32 33 34 35 36 37 38 39 40 41 42 43 44 45 46 47 48 49 50 51 52 53 54 55 56 57 58 59 60 61 62 63 64 65 66 67 68 69 70 71 72 73 74 
1 3 4 5 6 7 8 9 10 11 12 13 14 15 16 17 18 19 20 21 22 23 24 25 26 27 28 29 30 31 32 33 34 35 36 37 38 39 40 41 42 43 44 45 46 47 48 49 50 51 52 53 54 55 56 57 58 59 60 61 62 63 64 65 66 67 68 69 70 71 72 73 74 
2 4 5 6 7 8 9 10 11 12 13 14 15 16 17 18 19 20 21 22 23 24 25 26 27 28 29 30 31 32 33 34 35 36 37 38 39 40 41 42 43 44 45 46 47 48 49 50 51 52 53 54 55 56 57 58 59 60 61 62 63 64 65 66 67 68 69 70 71 72 73 74 
1 3 5 6 7 8 9 10 11 12 13 14 15 16 17 18 19 20 21 22 23 24 25 26 27 28 29 30 31 32 33 34 35 36 37 38 39 40 41 42 43 44 45 46 47 48 49 50 51 52 53 54 55 56 57 58 59 60 61 62 63 64 65 66 67 68 69 70 71 72 73 74 
0 2 3 4 6 7 8 9 10 11 12 13 14 15 16 17 18 19 20 21 22 23 24 25 26 27 28 29 30 31 32 33 34 35 36 37 38 39 40 41 42 43 44 45 46 47 48 49 50 51 52 53 54 55 56 57 58 59 60 61 62 63 64 65 66 67 68 69 70 71 72 73 74 
4 5 7 8 9 10 11 12 13 14 15 16 17 18 19 20 21 22 23 24 25 26 27 28 29 30 31 32 33 34 35 36 37 38 39 40 41 42 43 44 45 46 47 48 49 50 51 52 53 54 55 56 57 58 59 60 61 62 63 64 65 66 67 68 69 70 71 72 73 74 
1 3 5 6 8 9 10 11 12 13 14 15 16 17 18 19 20 21 22 23 24 25 26 27 28 29 30 31 32 33 34 35 36 37 38 39 40 41 42 43 44 45 46 47 48 49 50 51 52 53 54 55 56 57 58 59 60 61 62 63 64 65 66 67 68 69 70 71 72 73 74 
2 4 6 7 9 10 11 12 13 14 15 16 17 18 19 20 21 22 23 24 25 26 27 28 29 30 31 32 33 34 35 36 37 38 39 40 41 42 43 44 45 46 47 48 49 50 51 52 53 54 55 56 57 58 59 60 61 62 63 64 65 66 67 68 69 70 71 72 73 74 
5 7 8 10 11 12 13 14 15 16 17 18 19 20 21 22 23 24 25 26 27 28 29 30 31 32 33 34 35 36 37 38 39 40 41 42 43 44 45 46 47 48 49 50 51 52 53 54 55 56 57 58 59 60 61 62 63 64 65 66 67 68 69 70 71 72 73 74 
4 7 9 11 12 13 14 15 16 17 18 19 20 21 22 23 24 25 26 27 28 29 30 31 32 33 34 35 36 37 38 39 40 41 42 43 44 45 46 47 48 49 50 51 52 53 54 55 56 57 58 59 60 61 62 63 64 65 66 67 68 69 70 71 72 73 74 
5 8 10 12 13 14 15 16 17 18 19 20 21 22 23 24 25 26 27 28 29 30 31 32 33 34 35 36 37 38 39 40 41 42 43 44 45 46 47 48 49 50 51 52 53 54 55 56 57 58 59 60 61 62 63 64 65 66 67 68 69 70 71 72 73 74 
7 11 13 14 15 16 17 18 19 20 21 22 23 24 25 26 27 28 29 30 31 32 33 34 35 36 37 38 39 40 41 42 43 44 45 46 47 48 49 50 51 52 53 54 55 56 57 58 59 60 61 62 63 64 65 66 67 68 69 70 71 72 73 74 
14 15 16 17 18 19 20 21 22 23 24 25 26 27 28 29 30 31 32 33 34 35 36 37 38 39 40 41 42 43 44 45 46 47 48 49 50 51 52 53 54 55 56 57 58 59 60 61 62 63 64 65 66 67 68 69 70 71 72 73 74 
0 1 3 4 5 6 7 8 9 10 11 12 13 15 16 17 18 19 20 21 22 23 24 25 26 27 28 29 30 31 32 33 34 35 36 37 38 39 40 41 42 43 44 45 46 47 48 49 50 51 52 53 54 55 56 57 58 59 60 61 62 63 64 65 66 67 68 69 70 71 72 73 74 
0 2 4 5 6 7 8 9 10 11 12 13 14 16 17 18 19 20 21 22 23 24 25 26 27 28 29 30 31 32 33 34 35 36 37 38 39 40 41 42 43 44 45 46 47 48 49 50 51 52 53 54 55 56 57 58 59 60 61 62 63 64 65 66 67 68 69 70 71 72 73 74 
0 1 3 5 6 7 8 9 10 11 12 13 15 17 18 19 20 21 22 23 24 25 26 27 28 29 30 31 32 33 34 35 36 37 38 39 40 41 42 43 44 45 46 47 48 49 50 51 52 53 54 55 56 57 58 59 60 61 62 63 64 65 66 67 68 69 70 71 72 73 74 
0 4 5 7 8 9 10 11 12 13 16 18 19 20 21 22 23 24 25 26 27 28 29 30 31 32 33 34 35 36 37 38 39 40 41 42 43 44 45 46 47 48 49 50 51 52 53 54 55 56 57 58 59 60 61 62 63 64 65 66 67 68 69 70 71 72 73 74 
0 1 3 5 6 8 9 10 11 12 13 15 17 19 20 21 22 23 24 25 26 27 28 29 30 31 32 33 34 35 36 37 38 39 40 41 42 43 44 45 46 47 48 49 50 51 52 53 54 55 56 57 58 59 60 61 62 63 64 65 66 67 68 69 70 71 72 73 74 
0 2 4 6 7 9 10 11 12 13 14 16 17 18 20 21 22 23 24 25 26 27 28 29 30 31 32 33 34 35 36 37 38 39 40 41 42 43 44 45 46 47 48 49 50 51 52 53 54 55 56 57 58 59 60 61 62 63 64 65 66 67 68 69 70 71 72 73 74 
0 5 7 8 10 11 12 13 18 19 21 22 23 24 25 26 27 28 29 30 31 32 33 34 35 36 37 38 39 40 41 42 43 44 45 46 47 48 49 50 51 52 53 54 55 56 57 58 59 60 61 62 63 64 65 66 67 68 69 70 71 72 73 74 
0 4 7 9 11 12 13 16 18 20 22 23 24 25 26 27 28 29 30 31 32 33 34 35 36 37 38 39 40 41 42 43 44 45 46 47 48 49 50 51 52 53 54 55 56 57 58 59 60 61 62 63 64 65 66 67 68 69 70 71 72 73 74 
0 5 8 10 12 13 19 21 23 24 25 26 27 28 29 30 31 32 33 34 35 36 37 38 39 40 41 42 43 44 45 46 47 48 49 50 51 52 53 54 55 56 57 58 59 60 61 62 63 64 65 66 67 68 69 70 71 72 73 74 
0 7 11 13 18 22 24 25 26 27 28 29 30 31 32 33 34 35 36 37 38 39 40 41 42 43 44 45 46 47 48 49 50 51 52 53 54 55 56 57 58 59 60 61 62 63 64 65 66 67 68 69 70 71 72 73 74 
0 25 26 27 28 29 30 31 32 33 34 35 36 37 38 39 40 41 42 43 44 45 46 47 48 49 50 51 52 53 54 55 56 57 58 59 60 61 62 63 64 65 66 67 68 69 70 71 72 73 74 
1 2 4 5 6 7 8 9 10 11 12 13 14 15 16 17 18 19 20 21 22 23 24 26 27 28 29 30 31 32 33 34 35 36 37 38 39 40 41 42 43 44 45 46 47 48 49 50 51 52 53 54 55 56 57 58 59 60 61 62 63 64 65 66 67 68 69 70 71 72 73 74 
0 1 2 3 4 6 7 8 9 10 11 12 13 14 15 16 17 18 19 20 21 22 23 24 25 27 28 29 30 31 32 33 34 35 36 37 38 39 40 41 42 43 44 45 46 47 48 49 50 51 52 53 54 55 56 57 58 59 60 61 62 63 64 65 66 67 68 69 70 71 72 73 74 
1 4 5 7 8 9 10 11 12 13 14 15 16 17 18 19 20 21 22 23 24 26 28 29 30 31 32 33 34 35 36 37 38 39 40 41 42 43 44 45 46 47 48 49 50 51 52 53 54 55 56 57 58 59 60 61 62 63 64 65 66 67 68 69 70 71 72 73 74 
1 2 4 6 7 9 10 11 12 13 14 15 16 17 18 19 20 21 22 23 24 27 29 30 31 32 33 34 35 36 37 38 39 40 41 42 43 44 45 46 47 48 49 50 51 52 53 54 55 56 57 58 59 60 61 62 63 64 65 66 67 68 69 70 71 72 73 74 
1 5 7 8 10 11 12 13 14 15 16 17 18 19 20 21 22 23 24 26 28 30 31 32 33 34 35 36 37 38 39 40 41 42 43 44 45 46 47 48 49 50 51 52 53 54 55 56 57 58 59 60 61 62 63 64 65 66 67 68 69 70 71 72 73 74 
1 4 7 9 11 12 13 14 15 16 17 18 19 20 21 22 23 24 29 31 32 33 34 35 36 37 38 39 40 41 42 43 44 45 46 47 48 49 50 51 52 53 54 55 56 57 58 59 60 61 62 63 64 65 66 67 68 69 70 71 72 73 74 
1 5 8 10 12 13 14 15 16 17 18 19 20 21 22 23 24 26 28 30 32 33 34 35 36 37 38 39 40 41 42 43 44 45 46 47 48 49 50 51 52 53 54 55 56 57 58 59 60 61 62 63 64 65 66 67 68 69 70 71 72 73 74 
1 7 11 13 14 15 16 17 18 19 20 21 22 23 24 31 33 34 35 36 37 38 39 40 41 42 43 44 45 46 47 48 49 50 51 52 53 54 55 56 57 58 59 60 61 62 63 64 65 66 67 68 69 70 71 72 73 74 
1 14 15 16 17 18 19 20 21 22 23 24 34 35 36 37 38 39 40 41 42 43 44 45 46 47 48 49 50 51 52 53 54 55 56 57 58 59 60 61 62 63 64 65 66 67 68 69 70 71 72 73 74 
0 1 2 3 5 6 7 8 9 10 11 12 13 14 15 17 18 19 20 21 22 23 24 25 26 27 28 29 30 31 32 33 35 36 37 38 39 40 41 42 43 44 45 46 47 48 49 50 51 52 53 54 55 56 57 58 59 60 61 62 63 64 65 66 67 68 69 70 71 72 73 74 
0 2 4 5 7 8 9 10 11 12 13 14 16 18 19 20 21 22 23 24 25 26 27 28 29 30 31 32 33 34 36 37 38 39 40 41 42 43 44 45 46 47 48 49 50 51 52 53 54 55 56 57 58 59 60 61 62 63 64 65 66 67 68 69 70 71 72 73 74 
0 1 2 3 5 6 8 9 10 11 12 13 14 15 17 19 20 21 22 23 24 25 26 27 28 29 30 31 32 33 35 37 38 39 40 41 42 43 44 45 46 47 48 49 50 51 52 53 54 55 56 57 58 59 60 61 62 63 64 65 66 67 68 69 70 71 72 73 74 
0 2 5 7 8 10 11 12 13 14 18 19 21 22 23 24 25 26 27 28 29 30 31 32 33 36 38 39 40 41 42 43 44 45 46 47 48 49 50 51 52 53 54 55 56 57 58 59 60 61 62 63 64 65 66 67 68 69 70 71 72 73 74 
0 2 4 7 9 11 12 13 14 16 18 20 22 23 24 25 26 27 28 29 30 31 32 33 34 36 37 39 40 41 42 43 44 45 46 47 48 49 50 51 52 53 54 55 56 57 58 59 60 61 62 63 64 65 66 67 68 69 70 71 72 73 74 
0 2 5 8 10 12 13 14 19 21 23 24 25 26 27 28 29 30 31 32 33 38 40 41 42 43 44 45 46 47 48 49 50 51 52 53 54 55 56 57 58 59 60 61 62 63 64 65 66 67 68 69 70 71 72 73 74 
0 2 7 11 13 14 18 22 24 25 26 27 28 29 30 31 32 33 36 39 41 42 43 44 45 46 47 48 49 50 51 52 53 54 55 56 57 58 59 60 61 62 63 64 65 66 67 68 69 70 71 72 73 74 
0 2 14 25 26 27 28 29 30 31 32 33 42 43 44 45 46 47 48 49 50 51 52 53 54 55 56 57 58 59 60 61 62 63 64 65 66 67 68 69 70 71 72 73 74 
0 1 3 4 5 7 8 9 10 11 12 13 15 16 18 19 20 21 22 23 24 25 26 28 29 30 31 32 33 34 35 36 37 38 39 40 41 43 44 45 46 47 48 49 50 51 52 53 54 55 56 57 58 59 60 61 62 63 64 65 66 67 68 69 70 71 72 73 74 
0 1 2 3 4 6 7 9 10 11 12 13 14 15 16 17 18 20 21 22 23 24 25 27 29 30 31 32 33 34 35 36 37 38 39 40 41 42 44 45 46 47 48 49 50 51 52 53 54 55 56 57 58 59 60 61 62 63 64 65 66 67 68 69 70 71 72 73 74 
0 1 3 5 7 8 10 11 12 13 15 18 19 21 22 23 24 25 26 28 30 31 32 33 34 35 36 37 38 39 40 41 43 45 46 47 48 49 50 51 52 53 54 55 56 57 58 59 60 61 62 63 64 65 66 67 68 69 70 71 72 73 74 
0 1 3 4 7 9 11 12 13 15 16 18 20 22 23 24 25 29 31 32 33 34 35 36 37 38 39 40 41 44 46 47 48 49 50 51 52 53 54 55 56 57 58 59 60 61 62 63 64 65 66 67 68 69 70 71 72 73 74 
0 1 3 5 8 10 12 13 15 19 21 23 24 25 26 28 30 32 33 34 35 36 37 38 39 40 41 43 45 47 48 49 50 51 52 53 54 55 56 57 58 59 60 61 62 63 64 65 66 67 68 69 70 71 72 73 74 
0 1 3 7 11 13 15 18 22 24 25 31 33 34 35 36 37 38 39 40 41 46 48 49 50 51 52 53 54 55 56 57 58 59 60 61 62 63 64 65 66 67 68 69 70 71 72 73 74 
0 1 3 15 25 34 35 36 37 38 39 40 41 49 50 51 52 53 54 55 56 57 58 59 60 61 62 63 64 65 66 67 68 69 70 71 72 73 74 
0 1 2 3 4 5 6 8 9 10 11 12 13 14 15 16 17 19 20 21 22 23 24 25 26 27 28 29 30 31 32 33 34 35 37 38 39 40 41 42 43 44 45 46 47 48 50 51 52 53 54 55 56 57 58 59 60 61 62 63 64 65 66 67 68 69 70 71 72 73 74 
0 2 4 5 7 8 10 11 12 13 14 16 18 19 21 22 23 24 25 26 27 28 29 30 31 32 33 34 36 38 39 40 41 42 43 44 45 46 47 48 49 51 52 53 54 55 56 57 58 59 60 61 62 63 64 65 66 67 68 69 70 71 72 73 74 
0 2 4 5 8 10 12 13 14 16 19 21 23 24 25 26 27 28 29 30 31 32 33 34 38 40 41 42 43 44 45 46 47 48 52 53 54 55 56 57 58 59 60 61 62 63 64 65 66 67 68 69 70 71 72 73 74 
0 2 4 7 11 13 14 16 18 22 24 25 26 27 28 29 30 31 32 33 34 36 39 41 42 43 44 45 46 47 48 49 51 53 54 55 56 57 58 59 60 61 62 63 64 65 66 67 68 69 70 71 72 73 74 
0 2 4 14 16 25 26 27 28 29 30 31 32 33 34 42 43 44 45 46 47 48 54 55 56 57 58 59 60 61 62 63 64 65 66 67 68 69 70 71 72 73 74 
1 2 4 5 6 7 9 10 11 12 13 14 15 16 17 18 19 20 21 22 23 24 26 27 29 30 31 32 33 34 35 36 37 38 39 40 41 42 43 44 45 46 47 48 49 50 51 52 53 55 56 57 58 59 60 61 62 63 64 65 66 67 68 69 70 71 72 73 74 
1 4 5 7 9 11 12 13 14 15 16 17 18 19 20 21 22 23 24 26 29 31 32 33 34 35 36 37 38 39 40 41 42 43 44 45 46 47 48 49 50 51 52 53 56 57 58 59 60 61 62 63 64 65 66 67 68 69 70 71 72 73 74 
1 5 7 11 13 14 15 16 17 18 19 20 21 22 23 24 26 31 33 34 35 36 37 38 39 40 41 42 43 44 45 46 47 48 49 50 51 52 53 57 58 59 60 61 62 63 64 65 66 67 68 69 70 71 72 73 74 
1 5 14 15 16 17 18 19 20 21 22 23 24 26 34 35 36 37 38 39 40 41 42 43 44 45 46 47 48 49 50 51 52 53 58 59 60 61 62 63 64 65 66 67 68 69 70 71 72 73 74 
0 1 2 3 5 6 7 8 10 11 12 13 14 15 17 18 19 21 22 23 24 25 26 27 28 30 31 32 33 35 36 38 39 40 41 42 43 45 46 47 48 49 50 51 52 53 54 55 56 57 59 60 61 62 63 64 65 66 67 68 69 70 71 72 73 74 
0 1 2 3 4 6 7 9 11 12 13 14 15 16 17 18 20 22 23 24 25 27 29 31 32 33 34 35 36 37 39 40 41 42 44 46 47 48 49 50 51 52 53 54 55 56 57 58 60 61 62 63 64 65 66 67 68 69 70 71 72 73 74 
0 1 2 3 5 6 8 10 12 13 14 15 17 19 21 23 24 25 26 27 28 30 32 33 35 38 40 41 42 43 45 47 48 49 50 51 52 53 54 55 56 57 59 61 62 63 64 65 66 67 68 69 70 71 72 73 74 
0 1 2 3 6 7 11 13 14 15 17 18 22 24 25 27 31 33 35 36 39 41 42 46 48 49 50 51 52 53 54 55 56 57 60 62 63 64 65 66 67 68 69 70 71 72 73 74 
0 1 2 3 6 14 15 17 25 27 35 42 49 50 51 52 53 54 55 56 57 63 64 65 66 67 68 69 70 71 72 73 74 
0 2 4 5 7 8 10 12 13 14 16 18 19 21 23 24 25 26 27 28 29 30 31 32 33 34 36 38 40 41 42 43 44 45 46 47 48 49 52 53 54 55 56 57 58 59 60 61 62 64 65 66 67 68 69 70 71 72 73 74 
0 2 4 7 14 16 18 25 26 27 28 29 30 31 32 33 34 36 42 43 44 45 46 47 48 49 54 55 56 57 58 59 60 61 62 65 66 67 68 69 70 71 72 73 74 
0 1 3 4 5 7 8 9 11 12 13 15 16 18 19 20 22 23 24 25 26 28 29 31 32 33 34 35 36 37 38 39 40 41 43 44 46 47 48 49 50 51 52 53 54 56 57 58 59 60 61 62 63 64 66 67 68 69 70 71 72 73 74 
0 1 3 5 7 8 11 13 15 18 19 22 24 25 26 28 31 33 34 35 36 37 38 39 40 41 43 46 48 49 50 51 52 53 54 57 58 59 60 61 62 63 64 67 68 69 70 71 72 73 74 
0 1 3 5 8 15 19 25 26 28 34 35 36 37 38 39 40 41 43 49 50 51 52 53 54 58 59 60 61 62 63 64 68 69 70 71 72 73 74 
0 1 2 3 4 5 6 8 9 10 12 13 14 15 16 17 19 20 21 23 24 25 26 27 28 29 30 32 33 34 35 37 38 40 41 42 43 44 45 47 48 50 52 53 54 55 56 57 58 59 61 62 63 64 65 66 67 69 70 71 72 73 74 
0 1 2 3 4 6 7 9 11 13 14 15 16 17 18 20 22 24 25 27 29 31 33 34 35 36 37 39 41 42 44 46 48 49 50 51 53 54 55 56 57 58 60 62 63 64 65 66 67 68 70 71 72 73 74 
0 1 2 3 4 6 9 14 15 16 17 20 25 27 29 34 35 37 42 44 50 54 55 56 57 58 63 64 65 66 67 71 72 73 74 
0 1 2 3 5 6 7 8 10 11 13 14 15 17 18 19 21 22 24 25 26 27 28 30 31 33 35 36 38 39 41 42 43 45 46 48 49 50 51 52 53 54 55 57 59 60 62 63 64 65 67 68 69 70 72 73 74 
0 1 2 3 5 6 8 10 14 15 17 19 21 25 26 27 28 30 35 38 42 43 45 49 50 51 52 53 54 55 59 63 64 65 68 69 70 73 74 
0 1 2 3 4 6 7 9 11 14 15 16 17 18 20 22 25 27 29 31 34 35 36 37 39 42 44 46 49 50 51 54 55 56 57 58 60 63 65 66 67 68 71 72 74 
0 1 2 3 4 5 6 8 9 10 12 14 15 16 17 19 20 21 23 25 26 27 28 29 30 32 34 35 37 38 40 42 43 44 45 47 50 52 54 55 56 58 59 61 63 64 65 66 69 71 73 
